1210	30508
1215	29908
1212	29334
1211	29151
1209	29030
1213	28882
1208	28879
820	28842
1214	28745
1205	28575
815	28420
1220	28419
1216	28296
1217	27912
1015	27883
1207	27849
1218	27792
1010	27659
818	27227
816	27067
1219	27064
817	26922
1020	26907
819	26882
825	26851
821	26743
822	26658
812	26556
830	26545
814	26544
810	26520
823	26360
1016	26313
1012	26296
1014	26166
1221	26134
1013	26114
813	26100
1206	26090
1011	26067
824	25955
1017	25751
1222	25697
826	25492
1225	25473
811	25322
1018	25316
1019	25269
827	25254
1223	25076
1009	25037
1005	24935
1008	24916
1021	24914
828	24754
1224	24571
1230	24462
1030	24431
1022	24367
1025	24343
829	24314
809	24198
1023	23960
832	23876
1007	23819
835	23717
831	23635
1226	23585
808	23485
1024	23349
805	23318
1227	23195
833	22917
1026	22754
834	22541
1228	22488
1027	22369
807	22183
1006	22006
1229	21910
836	21875
1028	21863
840	21631
1231	21475
1235	21437
837	21330
1029	21330
838	21127
1031	21101
1032	21091
1232	21024
1035	20924
1033	20598
806	20589
1233	20283
839	20270
1034	20022
1234	19910
1236	19903
1036	19574
841	19405
1040	19404
1237	19360
845	19134
1240	19060
1037	18981
842	18914
1238	18911
1038	18706
1239	18494
843	18448
1039	18148
844	17875
1045	17699
1041	17412
1241	17339
1110	17217
1245	17177
1105	17160
1042	17108
1242	16998
1115	16986
846	16921
1243	16808
1043	16733
850	16524
1120	16524
847	16393
1244	16302
1044	16278
1050	16172
1111	16002
848	16001
1108	15967
1107	15959
1112	15958
1106	15954
1109	15864
1114	15864
1046	15804
1246	15745
1113	15700
1130	15641
1100	15625
1250	15541
849	15533
1116	15499
1117	15412
1125	15392
1118	15250
1047	15197
1119	15070
1048	15028
1247	14966
1049	14957
1055	14866
1121	14804
1135	14708
1248	14706
851	14669
1122	14657
1123	14584
1124	14516
1051	14386
1052	14353
1249	14312
1126	14279
1053	14188
1128	14156
1127	14044
905	14039
1140	13997
852	13992
1145	13922
855	13913
910	13887
1054	13840
1204	13839
900	13824
1251	13810
1300	13788
1129	13774
853	13673
1103	13652
1056	13629
1131	13616
1133	13560
1102	13554
1104	13546
1255	13516
1132	13483
1252	13481
1101	13475
915	13413
1058	13380
1137	13356
1136	13331
1057	13265
1134	13156
1253	13153
1059	13134
854	13032
1138	12979
1139	12883
1150	12847
1605	12845
1142	12790
920	12729
1305	12720
1254	12660
1143	12651
1141	12604
907	12582
908	12562
909	12532
1200	12509
1144	12398
911	12392
1256	12371
912	12340
906	12292
1310	12272
930	12224
1146	12194
856	12146
1257	12074
1155	12069
1203	12056
857	12045
913	12040
1147	12004
1315	11987
925	11926
914	11912
1302	11857
1301	11847
1307	11791
1306	11786
1258	11768
918	11739
1148	11736
916	11727
1149	11685
1308	11641
1259	11628
917	11569
1303	11518
1151	11506
1304	11450
919	11404
1309	11371
1202	11370
858	11351
1320	11335
1153	11292
1201	11238
1311	11217
1152	11210
859	11145
922	11108
901	11086
921	11068
1154	11038
1312	10990
902	10970
923	10893
1330	10868
1313	10865
1400	10734
903	10698
1157	10677
904	10672
924	10623
1156	10610
1314	10588
1158	10558
1335	10536
1318	10530
935	10489
1317	10478
1316	10466
1340	10464
926	10451
1325	10381
1610	10355
927	10297
928	10291
1159	10283
1630	10258
940	10252
1345	10157
1505	10111
1319	10074
1615	10029
1321	10023
1322	10005
1350	9906
1620	9898
929	9885
945	9876
931	9875
1405	9835
1324	9803
932	9790
1004	9726
1410	9712
1606	9685
1336	9638
933	9628
1420	9619
1323	9600
1415	9591
1700	9582
934	9531
1327	9520
1326	9519
1640	9487
1608	9469
1607	9454
1338	9432
1337	9411
1331	9396
1635	9368
1805	9318
936	9314
1328	9283
1430	9283
1355	9275
1609	9267
1334	9254
1645	9252
1342	9216
1329	9212
1332	9202
1000	9191
1625	9189
1333	9162
937	9139
1650	9123
1339	9078
938	9063
1341	9040
950	9017
1344	9002
1407	8972
1425	8925
1346	8902
1612	8895
1406	8883
1343	8874
1348	8858
1611	8829
1347	8821
1408	8816
1404	8790
939	8780
1409	8768
1810	8752
1349	8743
1403	8713
1401	8697
1352	8684
942	8659
1402	8649
1412	8570
1411	8559
1353	8545
941	8541
1354	8531
1616	8523
1614	8519
1351	8511
1617	8505
1414	8503
1613	8440
1618	8387
1413	8384
943	8366
1632	8330
1622	8327
944	8323
1634	8323
1655	8321
1416	8308
1417	8290
1356	8279
1624	8274
1619	8273
1633	8272
1808	8262
1631	8253
1357	8247
1705	8242
1621	8240
1806	8221
1807	8219
1358	8218
1629	8210
1359	8187
1626	8185
946	8183
1628	8176
1623	8175
1637	8173
1627	8164
1418	8159
1422	8121
1435	8121
1636	8100
1639	8091
1638	8087
1419	8081
1710	8077
1641	8046
1440	8044
1643	8042
1003	8032
1809	8020
1642	7995
1421	7965
1423	7965
1648	7950
1424	7935
1815	7894
1644	7893
1426	7878
1646	7877
947	7852
955	7852
1649	7779
1427	7774
1647	7769
1715	7716
948	7701
1428	7665
1445	7657
1510	7641
1654	7637
1002	7632
949	7623
1653	7623
1658	7566
1651	7549
1656	7526
1811	7510
1432	7504
1429	7489
1431	7474
1515	7460
1812	7446
1652	7441
1657	7407
951	7399
1701	7393
1506	7390
1702	7381
1720	7372
1433	7329
1001	7320
1704	7309
1703	7297
1730	7289
952	7232
1659	7226
1820	7196
1500	7192
1706	7188
1434	7172
1450	7135
1436	7115
1708	7106
1813	7089
1830	7081
953	7055
1507	7018
1530	6998
1437	6989
1711	6965
1814	6927
1707	6926
1438	6900
1600	6859
1709	6828
1520	6814
954	6813
1816	6787
1825	6724
1442	6723
1508	6687
1439	6686
956	6672
1712	6661
1443	6623
1817	6620
1713	6591
1725	6590
1930	6583
1509	6574
1818	6565
958	6563
705	6562
1441	6541
957	6526
1716	6497
1714	6472
1444	6451
959	6439
1735	6376
804	6371
1940	6339
1819	6329
1455	6280
1840	6271
1511	6268
1740	6254
1718	6247
1835	6205
1719	6200
1821	6196
1900	6182
1446	6178
1447	6176
1525	6172
1540	6161
1920	6158
1717	6139
1448	6110
1721	6092
1822	6085
1935	6083
1915	6067
1824	6052
1945	6045
1535	6034
1845	6006
1925	6003
1545	5996
1827	5993
1823	5985
1513	5976
1745	5968
1723	5961
1449	5958
1905	5944
1512	5919
1724	5901
1910	5897
1950	5895
1828	5887
1722	5872
1826	5865
1850	5858
1516	5831
1451	5793
1855	5773
1726	5770
1514	5767
1831	5751
1550	5748
1750	5726
1832	5720
1727	5702
1517	5691
1833	5658
1829	5657
1453	5646
1932	5645
1729	5643
1732	5641
1941	5637
1518	5633
1944	5627
1519	5625
1836	5625
1943	5623
1946	5616
1728	5613
1938	5613
1942	5612
1733	5601
1922	5591
1936	5584
1838	5572
1452	5570
1939	5569
1937	5567
1926	5548
1933	5542
1934	5539
1931	5538
1731	5532
1916	5527
1928	5527
1842	5503
1834	5499
1454	5480
1927	5477
710	5475
1918	5475
1921	5463
1521	5460
1839	5458
1841	5456
1923	5446
1522	5439
1924	5432
1736	5429
1837	5421
1847	5416
1843	5414
1929	5404
1914	5403
1919	5393
1948	5390
1456	5389
1947	5372
1504	5361
1911	5360
1523	5354
1734	5354
1907	5347
1738	5343
1908	5339
1912	5329
1737	5323
1909	5309
1848	5307
1458	5290
1917	5287
1913	5278
1853	5274
1844	5273
1854	5270
1852	5264
1846	5261
1501	5254
1739	5251
1457	5234
1555	5221
1902	5220
706	5217
1906	5211
1949	5205
1849	5201
1527	5197
1742	5167
1901	5163
1904	5158
1741	5138
1903	5133
1528	5123
1851	5123
707	5117
1459	5098
1856	5091
1524	5090
1604	5088
2005	5077
1532	5075
1743	5060
1526	5044
1744	5035
1502	5031
1858	5027
1503	5024
1529	5022
715	4995
1859	4994
1857	4987
1951	4973
1531	4956
708	4954
1537	4917
1533	4898
1800	4878
2010	4872
1536	4863
800	4847
1538	4827
709	4820
1952	4820
1746	4801
1747	4799
1534	4797
1603	4776
1541	4774
1748	4742
1543	4732
1601	4716
1542	4713
1539	4708
1544	4681
1953	4670
1602	4665
711	4647
1749	4608
205	4567
2006	4561
1546	4556
1549	4552
803	4546
1548	4545
1751	4522
210	4521
1752	4518
1547	4517
1755	4513
750	4460
2008	4449
712	4445
2007	4442
2305	4435
745	4420
1954	4413
720	4400
1553	4399
1556	4364
1554	4363
2009	4349
130	4341
1551	4330
1552	4320
713	4301
215	4300
1558	4274
1753	4272
1557	4267
740	4250
1559	4247
2205	4215
2011	4153
1804	4112
714	4091
208	4082
1955	4080
2015	4071
135	4065
755	4060
1754	4056
2210	4056
730	4052
207	4049
206	4037
209	4023
2012	4000
120	3989
220	3986
212	3976
140	3969
716	3916
213	3915
211	3912
717	3874
145	3863
635	3851
214	3842
2020	3827
2013	3820
735	3807
115	3785
125	3777
802	3769
2215	3710
110	3706
216	3705
2014	3682
2310	3677
2207	3675
217	3668
138	3666
2230	3654
725	3653
2000	3647
640	3636
801	3619
100	3613
2030	3611
2208	3610
218	3599
718	3595
230	3583
150	3577
719	3575
141	3571
1803	3570
137	3556
2206	3554
2300	3552
1756	3539
2209	3536
136	3533
219	3526
142	3522
139	3508
121	3503
2016	3495
225	3494
2220	3481
1757	3467
126	3459
1758	3458
127	3455
200	3453
1802	3452
2307	3451
105	3444
2306	3442
221	3436
133	3426
748	3418
2211	3416
132	3415
122	3414
143	3414
752	3403
129	3400
2308	3392
116	3388
134	3385
123	3378
747	3372
749	3364
2017	3363
743	3359
742	3358
2212	3356
2018	3355
128	3352
744	3351
117	3349
222	3343
722	3338
124	3329
119	3326
751	3325
131	3324
223	3315
1801	3312
118	3311
746	3307
741	3303
2025	3291
2110	3284
2105	3282
721	3278
2019	3274
723	3239
2235	3238
637	3237
112	3236
155	3234
2130	3227
2240	3227
114	3225
645	3224
636	3223
224	3216
638	3215
2100	3215
1759	3205
2213	3202
111	3199
754	3197
753	3193
737	3185
739	3174
113	3173
144	3168
109	3163
738	3161
148	3159
724	3158
639	3154
2225	3154
226	3149
106	3143
756	3140
1956	3134
2040	3127
147	3121
2035	3119
227	3116
108	3107
151	3106
149	3104
2309	3079
641	3077
2021	3077
152	3076
2022	3075
153	3071
2200	3067
650	3064
146	3055
2214	3050
758	3040
107	3039
2245	3037
2217	3033
2216	3022
2023	3021
154	3010
2250	3009
204	3000
2024	2997
2050	2997
757	2994
642	2990
759	2990
736	2976
235	2974
643	2972
726	2972
2045	2968
240	2967
228	2965
1957	2964
2115	2964
229	2954
2120	2951
232	2943
104	2938
203	2934
2315	2927
2218	2920
700	2917
103	2907
231	2902
2219	2901
156	2891
201	2882
644	2876
101	2864
2027	2861
2107	2850
2221	2850
2150	2846
729	2844
728	2837
102	2836
2028	2833
2026	2832
2108	2831
305	2830
2125	2827
233	2818
202	2816
2222	2815
2145	2813
234	2811
2029	2810
158	2808
2140	2808
245	2802
2223	2800
727	2796
2224	2794
157	2790
733	2776
1958	2776
2003	2776
2135	2756
2004	2755
159	2740
2311	2740
2106	2738
655	2723
2312	2721
2001	2717
2227	2717
734	2714
55	2713
2055	2709
2228	2705
2031	2703
646	2699
2002	2697
731	2695
647	2686
2226	2675
2109	2664
2032	2658
1959	2653
236	2652
250	2641
238	2639
2255	2638
2036	2634
50	2631
648	2627
2033	2621
2112	2621
732	2620
2237	2619
2234	2616
2236	2610
2111	2608
649	2606
300	2604
310	2603
2231	2602
237	2600
704	2599
2229	2583
2232	2577
2041	2571
2238	2570
2034	2568
58	2564
241	2557
2038	2556
2114	2554
2320	2539
2113	2538
2233	2537
2241	2535
239	2531
651	2515
652	2515
56	2506
2117	2502
2042	2495
57	2484
242	2484
2155	2484
2039	2481
308	2465
59	2459
2037	2458
2243	2457
2302	2457
2043	2454
2242	2454
2313	2452
45	2441
2116	2439
2044	2431
703	2428
2304	2424
246	2422
2239	2420
2244	2415
2303	2407
315	2401
430	2399
255	2398
2046	2396
2301	2394
653	2385
2122	2379
2314	2379
2048	2377
54	2374
2118	2371
247	2370
309	2367
2246	2367
307	2365
306	2364
2049	2361
243	2355
2128	2355
244	2353
2119	2350
52	2346
2121	2344
654	2341
2104	2341
2132	2339
320	2338
2052	2331
2047	2326
2138	2326
2204	2326
2123	2323
415	2319
2054	2319
2127	2319
53	2316
2124	2313
2126	2307
410	2293
2136	2293
2247	2288
702	2281
2051	2275
2131	2275
2137	2271
2142	2271
656	2262
2129	2260
2053	2252
51	2249
2102	2242
248	2240
2133	2239
311	2237
2203	2237
2134	2235
49	2233
2147	2233
2148	2220
2143	2219
2146	2218
2141	2216
2103	2213
2144	2213
2316	2210
657	2205
658	2202
249	2201
2056	2201
630	2197
252	2196
2248	2196
330	2195
2149	2190
420	2187
2101	2184
2249	2180
253	2177
701	2174
312	2165
2252	2164
2251	2159
48	2155
2058	2149
2156	2148
2057	2146
2139	2146
304	2138
2201	2137
47	2130
302	2124
251	2115
2153	2114
2152	2113
2151	2111
2317	2110
314	2107
40	2106
2253	2106
659	2103
2202	2087
301	2078
2059	2078
254	2077
303	2076
2330	2073
2256	2063
313	2060
2159	2041
2258	2041
425	2031
46	2029
2154	2026
2157	2025
325	2017
256	2014
2158	2014
405	2010
316	2004
2259	1996
2318	1996
2257	1991
2254	1980
620	1969
414	1953
42	1951
435	1947
43	1945
44	1944
625	1938
30	1937
615	1933
257	1929
259	1924
413	1924
319	1923
440	1922
412	1921
416	1921
417	1917
411	1915
2325	1914
605	1913
317	1912
258	1907
409	1895
318	1886
419	1885
340	1882
445	1879
426	1865
35	1864
423	1859
400	1853
421	1848
428	1848
634	1846
418	1843
321	1842
406	1842
41	1841
424	1841
610	1830
407	1815
2319	1815
633	1810
322	1803
323	1794
408	1793
631	1791
422	1789
335	1783
39	1761
450	1758
345	1756
427	1751
434	1735
2321	1735
433	1730
431	1721
326	1714
350	1709
432	1705
324	1702
632	1698
628	1675
429	1671
629	1662
437	1652
627	1647
327	1642
38	1637
328	1636
622	1631
2322	1629
436	1625
438	1608
624	1608
626	1604
611	1602
621	1600
329	1589
2323	1589
617	1582
37	1577
619	1575
439	1568
2340	1564
616	1561
441	1560
623	1557
36	1553
442	1552
618	1552
331	1546
332	1545
500	1545
337	1530
444	1530
334	1515
336	1513
355	1510
2324	1504
443	1502
606	1501
609	1501
607	1496
613	1495
333	1491
614	1488
34	1480
600	1479
612	1474
339	1473
447	1473
530	1472
341	1470
608	1466
33	1458
404	1458
550	1457
20	1450
342	1447
515	1443
2335	1443
448	1441
455	1441
2345	1437
510	1422
446	1411
520	1407
338	1405
2350	1402
5	1398
2326	1397
343	1389
32	1384
344	1382
2355	1381
449	1380
25	1371
346	1371
10	1370
15	1369
402	1360
349	1356
403	1348
505	1344
451	1343
2328	1343
348	1339
2327	1339
31	1337
347	1337
555	1331
545	1330
401	1292
540	1290
352	1288
452	1281
535	1279
453	1267
351	1261
356	1259
354	1257
353	1247
525	1238
454	1236
507	1235
457	1231
357	1227
604	1223
2329	1214
29	1195
358	1194
501	1194
509	1191
506	1189
456	1188
28	1184
511	1166
514	1166
458	1163
503	1161
512	1161
502	1157
2331	1157
513	1153
359	1140
504	1131
508	1131
2332	1130
26	1128
2333	1127
547	1123
27	1113
459	1102
521	1099
516	1096
517	1093
603	1093
2334	1090
519	1088
532	1084
601	1079
523	1076
552	1076
524	1073
602	1073
531	1071
539	1065
522	1061
549	1061
551	1061
534	1058
546	1058
542	1055
538	1051
526	1044
537	1044
528	1039
557	1035
22	1033
554	1032
558	1023
536	1021
527	1020
553	1016
518	1015
559	1015
2336	1013
543	1009
548	1003
544	1001
2337	991
2338	990
23	983
541	982
24	981
529	980
556	976
533	975
18	940
19	939
2342	936
17	931
21	926
2339	926
12	907
6	905
2341	898
9	897
13	894
8	889
4	878
2343	877
2348	869
2344	868
2347	868
14	861
11	859
7	835
16	832
3	815
2346	812
1	803
2	793
2353	790
2358	775
2359	773
2349	765
2351	765
2354	742
2352	737
818	736
820	734
821	734
2357	731
825	725
814	724
819	716
2356	715
822	705
816	704
817	700
824	692
815	682
1215	678
829	676
1021	675
1014	673
823	671
830	665
828	664
1212	661
813	660
1010	660
811	659
810	658
1210	657
1211	657
1015	654
826	651
827	650
1020	645
1208	642
1012	639
1213	639
832	635
1016	635
836	631
831	630
1017	628
812	625
1018	623
1013	618
833	616
1019	614
1216	613
1011	611
808	610
1220	610
809	605
1223	603
1008	601
835	598
1009	597
1023	592
1024	591
1221	591
1218	587
1209	586
834	585
1022	585
1005	583
1207	583
1214	583
1219	582
1006	581
1217	578
1205	576
837	575
1225	575
1028	574
1025	571
1007	566
1026	565
1206	564
840	560
1222	558
1224	557
805	551
838	551
1226	546
839	544
1227	544
807	537
1027	534
841	529
806	527
1231	526
1032	519
1030	518
1228	516
1031	509
1035	504
845	500
1034	500
1029	499
843	498
1229	498
844	497
1230	495
842	489
846	487
1233	483
1232	467
1039	462
1235	462
1234	460
1033	458
1037	458
1236	457
847	452
1036	449
1041	448
1240	448
1038	446
848	443
1238	438
1040	427
1237	427
1239	425
850	422
1042	414
1045	413
1245	413
1044	411
1243	410
849	398
1246	391
1043	389
1242	389
851	388
1110	388
1114	383
1115	379
1241	376
852	374
853	372
856	372
855	371
854	368
1053	365
1118	365
1244	363
905	359
1046	358
1049	356
1125	356
1122	355
1050	353
1105	353
1048	352
1113	352
1109	351
1047	350
1120	350
1121	350
1111	348
1112	348
1248	347
1123	343
1126	343
1250	342
1106	340
1107	340
1249	340
1119	338
1116	337
915	336
1255	336
910	335
1130	335
1117	334
1051	332
1052	332
1102	331
1251	330
906	329
912	329
919	329
1100	328
1108	328
1124	326
1132	326
1254	326
857	325
1101	325
1247	323
900	321
907	321
909	321
920	321
1256	320
911	319
914	318
1131	318
1145	318
1104	317
1127	316
1135	315
908	314
1140	314
1054	313
1142	313
1137	312
1258	311
858	310
921	308
859	307
1057	307
1128	307
1129	303
1252	303
1300	303
1133	301
1144	301
903	300
1136	300
1138	300
917	298
1257	297
901	296
1204	296
1253	296
1055	292
1150	292
1148	291
913	290
930	290
1141	290
1056	289
1103	288
1058	285
916	284
918	284
932	284
1146	284
1305	284
902	283
1302	283
1310	282
904	281
922	280
924	279
923	277
925	277
1139	277
1143	277
927	276
1304	276
1318	276
1134	274
1259	273
1152	270
1320	269
1309	268
1308	267
926	266
1315	266
1303	265
1151	264
1156	264
1155	262
1306	260
1307	260
1153	259
1059	257
1004	255
1301	255
1321	255
1326	251
940	250
935	248
1147	248
1313	246
929	244
1312	244
1330	244
1311	243
1154	241
1200	241
928	240
936	240
945	240
1202	240
1316	239
1317	236
1201	235
1314	234
942	232
1340	231
1322	230
1328	230
1336	230
1149	228
934	227
1323	227
1325	227
1337	227
941	226
1339	226
1335	225
950	223
1345	223
1159	222
937	221
1203	220
948	219
1158	219
931	218
943	217
1334	214
939	213
1341	213
952	212
1157	212
1319	212
1333	212
1405	212
1605	212
947	211
1327	211
1347	211
1403	210
946	209
1344	209
938	208
1329	208
1409	208
933	207
951	207
205	206
1324	206
1350	205
1346	204
1355	203
949	202
1000	202
1331	202
1408	201
1332	200
1406	200
955	199
1407	199
1420	199
944	198
1358	198
1417	197
705	194
209	193
953	193
1356	193
1003	192
1354	191
1418	191
1400	190
1404	190
1415	190
1002	188
1001	187
1353	187
1402	185
206	184
1359	184
1413	184
1351	183
1411	183
1430	183
211	182
215	182
954	182
1338	181
959	180
1416	180
1425	179
210	177
1343	177
1349	177
1410	177
1348	176
1357	176
1421	173
1342	172
957	169
1412	169
958	168
216	167
956	165
1422	165
1423	165
1440	165
1428	164
1435	163
1505	163
1620	163
1414	162
804	160
214	159
1419	159
212	158
1401	158
207	157
208	157
1352	157
1610	157
1635	157
1426	156
1432	155
1655	155
213	151
708	151
1429	151
1433	150
1427	148
1701	148
1431	147
217	146
706	146
1640	146
1644	146
1648	146
1607	144
138	143
143	143
1608	143
130	142
151	142
218	142
220	141
1436	141
1442	141
1624	141
222	140
1615	140
1645	140
1438	139
1606	139
1616	139
1625	139
219	138
135	137
1434	137
1445	137
1450	137
1509	137
1630	137
1643	136
115	135
129	135
638	135
1704	135
1424	134
1441	134
1637	134
230	133
1447	133
1810	133
221	132
224	132
1439	132
1650	132
1705	132
1706	132
1443	131
1611	131
1636	131
1638	131
1700	131
1703	131
140	130
145	130
152	130
204	130
1455	130
1654	130
127	129
226	129
1702	129
200	128
232	128
240	128
640	128
707	128
1451	128
1623	128
1628	128
1708	128
118	127
228	127
715	127
1437	127
1508	127
1621	127
1647	127
1651	127
1805	127
148	126
709	126
710	126
1510	126
1600	126
1629	126
735	125
745	125
755	125
1612	125
1646	125
1709	125
132	124
142	124
153	124
155	124
231	124
1626	124
120	123
134	123
137	123
223	123
227	123
1631	123
1714	123
141	122
229	122
800	122
1444	122
1512	122
1639	122
235	121
1446	121
1500	121
1720	121
1808	121
121	120
150	120
1649	120
1711	120
1507	119
1653	119
1658	119
712	118
1525	118
1617	118
1634	118
1807	118
122	117
128	117
202	117
749	117
750	117
1513	117
1515	117
1656	117
144	116
149	116
639	116
751	116
1453	116
1530	116
1809	116
225	115
241	115
242	115
1457	115
1652	115
1806	115
1830	115
124	114
236	114
716	114
739	114
1448	114
1449	114
125	113
139	113
146	113
803	113
1641	113
1713	113
1715	113
1722	113
1724	113
1735	113
1930	113
123	112
245	112
714	112
736	112
1452	112
1540	112
1619	112
1633	112
1657	112
1725	112
136	111
154	111
201	111
234	111
1506	111
1535	111
1632	111
1707	111
131	110
133	110
1511	110
1627	110
1817	110
119	109
147	109
310	109
720	109
740	109
1622	109
1716	109
1820	109
157	108
641	108
711	108
719	108
753	108
802	108
1459	108
1521	108
1815	108
305	107
635	107
645	107
747	107
1502	107
1545	107
1609	107
156	106
643	106
700	106
730	106
1520	106
1659	106
112	105
246	105
1454	105
1524	105
1712	105
1729	105
1812	105
113	104
237	104
410	104
637	104
646	104
743	104
1458	104
1501	104
1517	104
1613	104
1710	104
1813	104
1915	104
308	103
642	103
650	103
737	103
250	102
636	102
1550	102
1726	102
111	101
247	101
1618	101
1642	101
1730	101
1734	101
1850	101
110	100
126	100
233	100
243	100
717	100
721	100
748	100
757	100
1532	100
1538	100
1857	100
1950	100
203	99
713	99
744	99
756	99
1514	99
1526	99
1717	99
1811	99
106	98
159	98
238	98
244	98
738	98
1519	98
1522	98
1814	98
1825	98
1906	98
100	97
117	97
409	97
644	97
648	97
722	97
1723	97
1727	97
1740	97
1845	97
105	96
114	96
253	96
258	96
725	96
1503	96
1542	96
1614	96
1719	96
1900	96
413	95
741	95
742	95
752	95
1537	95
1544	95
1737	95
1750	95
1920	95
1942	95
107	94
108	94
801	94
1504	94
1516	94
1534	94
1731	94
1744	94
1841	94
1904	94
1918	94
158	93
248	93
300	93
754	93
1456	93
1518	93
1840	93
1852	93
1935	93
304	92
312	92
408	92
416	92
723	92
1533	92
1718	92
1745	92
1847	92
251	91
406	91
702	91
728	91
1531	91
1912	91
1924	91
239	90
301	90
415	90
417	90
655	90
1548	90
1816	90
1819	90
1835	90
103	89
1546	89
1732	89
1736	89
1831	89
1848	89
1853	89
1905	89
116	88
302	88
307	88
423	88
758	88
1555	88
1733	88
1738	88
1928	88
257	87
314	87
315	87
718	87
746	87
1818	87
1832	87
1851	87
311	86
405	86
412	86
1529	86
1547	86
1721	86
1826	86
1925	86
2010	86
649	85
727	85
1902	85
1932	85
1941	85
2008	85
407	84
425	84
1927	84
249	83
434	83
620	83
653	83
654	83
734	83
759	83
1539	83
1541	83
1746	83
1838	83
1910	83
1939	83
1943	83
252	82
256	82
303	82
313	82
411	82
420	82
1554	82
1829	82
1836	82
1940	82
1947	82
426	81
652	81
703	81
704	81
1553	81
1728	81
1824	81
1842	81
1917	81
1922	81
1923	81
1934	81
1944	81
102	80
320	80
421	80
1523	80
1527	80
1536	80
1551	80
1911	80
1913	80
1936	80
58	79
109	79
306	79
316	79
630	79
701	79
1556	79
1741	79
1823	79
1837	79
1846	79
1909	79
317	78
414	78
656	78
1849	78
1901	78
1946	78
429	77
619	77
624	77
625	77
724	77
732	77
733	77
1800	77
1855	77
1931	77
647	76
651	76
1543	76
1601	76
1843	76
1907	76
1908	76
309	75
445	75
616	75
659	75
731	75
1549	75
1602	75
1743	75
1828	75
1839	75
1929	75
1933	75
254	74
422	74
431	74
628	74
1558	74
1604	74
1748	74
1833	74
1926	74
2019	74
325	73
333	73
633	73
1528	73
1739	73
1747	73
1827	73
1844	73
1916	73
1948	73
1952	73
2007	73
2017	73
45	72
57	72
104	72
440	72
441	72
444	72
1557	72
1603	72
1749	72
1854	72
55	71
56	71
323	71
331	71
615	71
618	71
626	71
729	71
1742	71
1914	71
101	70
255	70
335	70
347	70
428	70
432	70
437	70
448	70
1856	70
2005	70
2015	70
0	69
330	69
400	69
442	69
622	69
658	69
726	69
1822	69
1834	69
1858	69
1937	69
259	68
321	68
348	68
418	68
430	68
1859	68
1903	68
1949	68
2006	68
2009	68
2224	68
324	67
327	67
337	67
452	67
1938	67
1945	67
1951	67
59	66
427	66
436	66
1821	66
1919	66
1921	66
2219	66
334	65
433	65
1752	65
2013	65
2225	65
631	64
634	64
1953	64
50	63
52	63
345	63
439	63
623	63
451	62
550	62
1954	62
322	61
332	61
339	61
435	61
500	61
617	61
1552	61
2016	61
2020	61
2022	61
2209	61
2217	61
2218	61
2245	61
328	60
508	60
512	60
610	60
629	60
657	60
1753	60
1755	60
2011	60
2014	60
2221	60
318	59
338	59
340	59
350	59
449	59
454	59
612	59
613	59
614	59
1802	59
2110	59
2236	59
403	58
419	58
438	58
605	58
609	58
1754	58
1804	58
2207	58
2208	58
2216	58
2223	58
2230	58
326	57
329	57
344	57
457	57
627	57
2210	57
54	56
336	56
349	56
458	56
518	56
537	56
602	56
2220	56
47	55
450	55
456	55
514	55
600	55
621	55
1955	55
2035	55
2240	55
49	54
443	54
446	54
447	54
607	54
632	54
2001	54
2021	54
2027	54
2200	54
2222	54
2227	54
53	53
404	53
424	53
516	53
521	53
540	53
2000	53
2012	53
2211	53
2234	53
2305	53
353	52
510	52
538	52
608	52
1758	52
1957	52
2039	52
2229	52
40	51
401	51
453	51
507	51
606	51
1559	51
1751	51
1759	51
1959	51
2024	51
2212	51
2243	51
319	50
343	50
346	50
356	50
511	50
520	50
1756	50
1801	50
2023	50
2100	50
2145	50
2214	50
2226	50
46	49
341	49
402	49
501	49
505	49
506	49
517	49
546	49
549	49
611	49
2018	49
2036	49
2037	49
2213	49
2215	49
2228	49
2232	49
2300	49
2308	49
48	48
51	48
342	48
355	48
524	48
553	48
559	48
1803	48
502	47
504	47
534	47
2031	47
2205	47
42	46
354	46
526	46
533	46
2033	46
2244	46
2250	46
351	45
358	45
359	45
527	45
530	45
543	45
556	45
2025	45
2040	45
2301	45
352	44
503	44
509	44
513	44
525	44
541	44
548	44
555	44
2002	44
2044	44
2045	44
2113	44
2206	44
2238	44
2241	44
38	43
455	43
519	43
529	43
539	43
544	43
551	43
604	43
2115	43
2135	43
2137	43
2140	43
2142	43
2237	43
2246	43
2302	43
10	42
515	42
523	42
528	42
542	42
2026	42
2030	42
2046	42
2049	42
2130	42
2231	42
2235	42
2253	42
2307	42
44	41
459	41
1757	41
2004	41
2108	41
2111	41
2233	41
2239	41
30	40
43	40
558	40
2003	40
2034	40
2038	40
2122	40
2150	40
2155	40
2204	40
33	39
522	39
531	39
532	39
535	39
545	39
547	39
603	39
2029	39
2159	39
2249	39
2310	39
41	38
557	38
2107	38
2109	38
2120	38
2143	38
2242	38
2252	38
2309	38
25	37
35	37
37	37
536	37
601	37
1958	37
2032	37
2047	37
2050	37
2105	37
2116	37
2146	37
2248	37
2255	37
2304	37
2306	37
2051	36
2055	36
2123	36
2138	36
2147	36
2156	36
2202	36
2257	36
2303	36
2330	36
2112	35
2119	35
2148	35
2153	35
2247	35
552	34
554	34
2028	34
2042	34
2053	34
2136	34
2141	34
2154	34
2320	34
39	33
357	33
1956	33
2149	33
2158	33
2201	33
29	32
2041	32
2101	32
2128	32
2132	32
2151	32
2311	32
34	31
36	31
2054	31
2133	31
2139	31
2157	31
2256	31
2052	30
2106	30
2144	30
2259	30
2315	30
2345	30
27	29
2059	29
2104	29
2114	29
2117	29
2124	29
2127	29
2134	29
2254	29
2258	29
2318	29
20	28
28	28
2043	28
2102	28
2118	28
2125	28
2129	28
2131	28
2251	28
15	27
2048	27
2103	27
2121	27
2152	27
2312	27
22	26
2057	26
2058	26
31	25
2056	25
2126	25
2316	25
21	24
32	24
2203	24
19	23
2323	23
2325	23
5	22
2313	22
2314	22
2321	22
2340	22
2354	22
2355	22
2317	21
2350	21
2322	20
2332	20
2319	19
16	18
24	18
2335	18
1	17
2326	17
2329	17
2333	17
2336	17
8	16
2327	16
2328	16
13	15
26	15
2324	15
2331	15
2339	15
9	14
2334	14
2337	14
2341	14
2343	14
2357	14
3	13
12	13
2338	13
2359	13
14	12
18	12
2342	12
2347	12
2349	12
2352	12
7	11
23	11
2348	11
2353	11
6	10
11	10
17	10
2358	10
4	9
2344	9
2356	9
2346	8
2351	7
2	6
Issue time	1
